1     7264.539621 0.333097
5     4713.338525 0.216118
10    3248.815786 0.148966
20    2126.439116 0.097502
30    1568.715345 0.071929
40    1163.648112 0.053356
50    880.351151 0.040366
60    655.041379 0.030035
70    480.536699 0.022034
80    347.961779 0.015955
90    244.329015 0.011203
100   164.781709 0.007556
110   104.376714 0.004786
120   63.109796 0.002894
130   35.135193 0.001611
140   17.484407 0.000802
150   9.620052 0.000441
160   5.257037 0.000241
170   2.211619 0.000101
180   0.258229 0.000012
186   0.000000 0.000000
