1     20563.6420
2     3496.0467
3     2931.2952
4     2295.3568
5     2115.2965
6     2072.7710
7     1532.4545
8     1384.1044
9     1352.3787
10    1127.5133
11    1018.7094
12    987.9123
13    869.3513
14    835.9522
15    796.4284
16    677.2593
17    654.4837
18    629.1178
19    593.4899
20    543.4951
21    527.0377
22    507.3242
23    490.1352
24    475.1358
25    463.1428
26    441.7835
27    413.4095
28    405.9980
29    401.3908
30    391.4230
31    388.3694
32    363.3646
33    361.4937
34    355.5563
35    341.4702
36    325.5647
37    312.7216
38    297.5453
39    282.6638
40    279.2978
41    263.4913
42    263.2770
43    260.8662
44    250.1740
45    242.5591
46    235.5090
47    230.3373
48    227.1535
49    214.7320
50    211.2224
51    203.6252
52    198.8028
53    195.1803
54    189.0150
55    186.9421
56    181.3279
57    180.5959
58    178.6253
59    175.6706
60    167.0986
61    159.2170
62    152.8061
63    151.0409
64    149.8927
65    141.6576
66    137.7108
67    131.8139
68    129.1412
69    126.8170
70    122.5425
71    117.0701
72    116.7633
73    111.6506
74    108.5319
75    104.2471
76    103.9649
77    100.5445
78    96.6469
79    94.2935
80    90.7566
81    87.3688
82    86.2477
83    86.0534
84    82.5496
85    79.5840
86    76.9343
87    74.8178
88    72.0321
89    67.7419
90    66.7932
91    65.4700
92    64.4495
93    61.6727
94    59.7844
95    58.2680
96    55.9063
97    52.1571
98    51.7442
99    49.8732
100   48.1668
101   46.7107
102   45.3382
103   43.2852
104   42.6446
105   41.2144
106   39.3571
107   38.2598
108   37.0996
109   33.6200
110   33.3289
111   32.2808
112   30.5732
113   29.2964
114   27.0304
115   25.7157
116   25.0569
117   24.1426
118   22.5614
119   22.1014
120   21.8280
121   20.3959
122   19.4981
123   18.9662
124   17.8588
125   16.4347
126   15.1763
127   14.5916
128   14.2451
129   13.6663
130   13.0581
131   12.5476
132   11.4625
133   10.9355
134   10.8026
135   10.1275
136   9.1300
137   8.1429
138   7.4224
139   7.1914
140   6.6802
141   5.9599
142   5.6163
143   5.0372
144   5.0142
145   4.9035
146   4.3984
147   3.9094
148   3.7722
149   3.5175
150   3.2098
151   3.0979
152   2.9848
153   2.7865
154   2.6350
155   2.5734
156   2.4940
157   2.3175
158   2.2620
159   2.1122
160   1.9759
161   1.9111
162   1.8667
163   1.6232
164   1.5911
165   1.5378
166   1.4911
167   1.3990
168   1.2257
169   1.1095
170   1.0785
171   0.9775
172   0.8828
173   0.8576
174   0.7723
175   0.7304
176   0.6764
177   0.5667
178   0.4977
179   0.3393
180   0.2880
181   0.2304
182   0.1166
183   0.0004
184   0.0003
185   0.0001
186   0.0001
