1     153232.4016
2     22476.9516
3     19592.0865
4     13161.3915
5     9578.1604
6     7903.1361
7     6846.5263
8     6048.2377
9     5532.4162
10    5030.9065
11    4363.2423
12    4034.0990
13    3804.6082
14    3662.1010
15    3410.9638
16    3115.1759
17    2986.5320
18    2766.9525
19    2649.8564
20    2367.1816
21    2300.5993
22    2290.1107
23    2176.2525
24    2122.4309
25    2012.0257
26    1883.9089
27    1862.7417
28    1798.4773
29    1753.5378
30    1741.7502
31    1635.8871
32    1579.5824
33    1550.9680
34    1512.7203
35    1474.7458
36    1457.4914
37    1439.0702
38    1343.8128
39    1333.9462
40    1275.6534
41    1256.4671
42    1251.6873
43    1200.9855
44    1170.7813
45    1146.3159
46    1129.9358
47    1122.8872
48    1083.1981
49    1053.2390
50    1046.2072
51    1024.2490
52    997.4266
53    967.2925
54    936.2545
55    920.0451
56    898.8097
57    883.9895
58    878.7435
59    864.4376
60    844.6097
61    840.6852
62    833.3319
63    823.6586
64    814.3094
65    781.4397
66    775.8278
67    757.1741
68    728.6888
69    724.2190
70    720.2446
71    696.0080
72    693.3044
73    680.7650
74    668.7380
75    658.0043
76    646.6639
77    632.0040
78    630.0303
79    621.7346
80    616.4451
81    609.2538
82    603.0703
83    596.5354
84    589.2639
85    577.8265
86    575.1365
87    570.3100
88    557.1828
89    552.1538
90    534.2329
91    526.4437
92    521.5898
93    514.9428
94    510.4523
95    501.3984
96    499.3086
97    497.3563
98    488.7728
99    480.6209
100   479.0273
101   472.1403
102   468.6941
103   465.8794
104   462.8054
105   453.1123
106   452.3006
107   447.8131
108   438.7201
109   436.3343
110   429.0179
111   427.3511
112   423.9589
113   422.8581
114   419.3428
115   412.9446
116   406.6915
117   404.4831
118   403.8280
119   396.2601
120   391.7818
121   386.9802
122   384.8297
123   382.1506
124   377.3663
125   375.2024
126   370.0080
127   368.7911
128   365.4802
129   364.5470
130   362.1140
131   354.1012
132   349.2622
133   348.0405
134   344.7847
135   341.9877
136   339.8148
137   338.3825
138   333.3422
139   331.2397
140   329.3788
141   323.3966
142   322.6682
143   317.3736
144   316.1605
145   311.9359
146   308.7848
147   304.3639
148   302.4812
149   296.3469
150   294.9279
151   293.8380
152   293.1317
153   288.1238
154   284.9204
155   284.1859
156   283.2735
157   281.5948
158   278.0568
159   276.0964
160   272.9986
161   270.9745
162   269.4773
163   267.7080
164   265.0151
165   262.7295
166   261.7958
167   259.9441
168   258.5289
169   256.5698
170   252.7426
171   251.4051
172   249.7306
173   247.4998
174   246.3830
175   243.5425
176   242.3264
177   241.3429
178   237.7541
179   235.2263
180   233.7527
181   232.8131
182   230.9699
183   228.6183
184   227.2532
185   226.7933
186   223.7126
187   222.7554
188   220.3283
189   219.5996
190   216.6988
191   216.3239
192   214.9017
193   213.4003
194   210.6745
195   209.7572
196   207.7560
197   206.5551
198   206.2795
199   204.5218
200   203.7141
201   201.5499
202   200.5616
203   198.8263
204   197.3910
205   196.3126
206   195.3465
207   193.6880
208   192.6623
209   190.7502
210   190.4612
211   187.5133
212   185.5912
213   185.2910
214   183.8011
215   182.2989
216   180.3192
217   178.1236
218   177.8706
219   176.3776
220   175.4348
221   174.4470
222   173.4514
223   172.1194
224   171.3734
225   170.0704
226   168.2590
227   167.3772
228   167.0771
229   164.9211
230   162.7863
231   162.6679
232   162.1807
233   161.1195
234   159.0019
235   157.4175
236   156.7525
237   155.7211
238   154.6687
239   153.7743
240   152.5034
241   152.0750
242   151.3759
243   151.2838
244   148.6558
245   147.6859
246   147.2346
247   146.0473
248   145.7540
249   144.6625
250   144.1627
251   142.6990
252   141.5341
253   141.2984
254   141.0626
255   139.4425
256   139.1168
257   136.9897
258   136.6617
259   136.0605
260   134.7827
261   134.1542
262   133.4942
263   132.9623
264   130.9792
265   130.5107
266   129.9788
267   129.5313
268   128.0219
269   126.9668
270   126.5046
271   125.4291
272   125.2242
273   124.8548
274   123.5233
275   123.1474
276   121.8518
277   121.2145
278   120.8182
279   120.2307
280   119.6872
281   118.8812
282   117.8369
283   117.6739
284   116.9902
285   115.4149
286   114.9126
287   114.4613
288   113.5646
289   113.0245
290   112.1814
291   111.6235
292   110.8230
293   109.8015
294   109.0998
295   109.0248
296   108.5919
297   107.5865
298   106.8480
299   105.8153
300   105.5332
301   105.3381
302   104.5632
303   104.0058
304   103.3729
305   103.0241
306   102.4849
307   102.2502
308   102.0962
309   100.9364
310   99.8895
311   99.0200
312   98.9386
313   98.3844
314   97.5807
315   97.2614
316   96.2126
317   95.9167
318   95.3211
319   94.7161
320   93.8590
321   93.5508
322   93.1261
323   92.4900
324   92.0883
325   91.8126
326   91.2031
327   91.0760
328   90.4255
329   89.9272
330   89.3190
331   88.9828
332   87.9584
333   87.6656
334   87.4061
335   86.9846
336   86.5140
337   86.1916
338   85.6980
339   85.1821
340   84.9729
341   84.3065
342   83.8212
343   83.7060
344   82.9906
345   82.5266
346   81.8410
347   81.6382
348   81.5412
349   80.6712
350   80.5229
351   80.2375
352   79.5268
353   79.0558
354   78.8007
355   78.0424
356   77.3859
357   77.1873
358   76.4200
359   76.3003
360   75.4552
361   75.1537
362   74.9482
363   74.3059
364   74.0617
365   73.9617
366   73.3421
367   73.0623
368   72.6402
369   72.1820
370   71.4899
371   71.1746
372   70.8298
373   70.6317
374   70.0122
375   69.5176
376   69.1701
377   68.9328
378   68.3536
379   67.9708
380   67.8338
381   67.3522
382   67.0696
383   66.5345
384   66.1816
385   65.8463
386   65.5950
387   65.3379
388   65.1120
389   64.9576
390   64.3196
391   64.0173
392   63.7811
393   63.4642
394   62.4265
395   62.3576
396   62.0844
397   61.7899
398   61.3869
399   61.0268
400   60.7582
401   60.3504
402   60.2149
403   59.8658
404   59.2354
405   59.1295
406   58.4843
407   58.1274
408   57.8451
409   57.5969
410   57.4272
411   57.1470
412   56.9778
413   56.3951
414   55.9118
415   55.8540
416   55.7245
417   55.2433
418   54.8929
419   54.3952
420   54.3547
421   54.2974
422   53.8793
423   53.0609
424   52.7986
425   52.6549
426   52.3810
427   52.0241
428   51.8829
429   51.7020
430   51.3553
431   51.1322
432   50.4006
433   50.2949
434   50.1082
435   49.9235
436   49.3301
437   49.1920
438   48.9337
439   48.6686
440   48.3376
441   48.2607
442   48.0662
443   47.8572
444   47.6283
445   47.5870
446   47.3222
447   47.0003
448   46.4704
449   46.0808
450   45.7714
451   45.6393
452   45.3672
453   45.2632
454   44.8947
455   44.5747
456   44.4116
457   44.2319
458   43.9587
459   43.7480
460   43.4853
461   43.2827
462   42.7711
463   42.6039
464   42.3179
465   41.9453
466   41.6692
467   41.6449
468   41.4860
469   41.1927
470   41.0097
471   40.6824
472   40.5017
473   40.4264
474   40.0465
475   39.7584
476   39.4821
477   39.3186
478   39.2214
479   39.1362
480   38.8250
481   38.4526
482   38.3483
483   38.0526
484   37.8643
485   37.4534
486   37.1615
487   36.9861
488   36.8406
489   36.6499
490   36.4348
491   36.3853
492   36.1448
493   35.6778
494   35.5575
495   35.3113
496   34.8640
497   34.8023
498   34.6236
499   34.5221
500   34.3408
501   34.0235
502   33.7513
503   33.5074
504   33.1998
505   33.0849
506   32.8718
507   32.6939
508   32.2788
509   32.2290
510   31.9695
511   31.5620
512   31.4889
513   31.3571
514   31.1580
515   30.8434
516   30.7613
517   30.4806
518   30.2518
519   29.9998
520   29.7453
521   29.5896
522   29.4272
523   29.3719
524   29.1478
525   28.9834
526   28.7622
527   28.6591
528   28.4497
529   27.8756
530   27.7828
531   27.5862
532   27.5164
533   27.4150
534   27.1244
535   26.8695
536   26.6856
537   26.5966
538   26.2345
539   26.1522
540   25.9125
541   25.8373
542   25.4215
543   25.3391
544   25.1582
545   25.1431
546   24.8960
547   24.7074
548   24.6042
549   24.2616
550   24.2156
551   24.0534
552   23.8383
553   23.6000
554   23.3718
555   23.3465
556   23.2598
557   22.8275
558   22.6788
559   22.6187
560   22.4785
561   22.2649
562   22.1128
563   22.0117
564   21.8181
565   21.7618
566   21.5034
567   21.2680
568   20.9619
569   20.8126
570   20.6119
571   20.5077
572   20.4215
573   20.1909
574   20.1151
575   19.8496
576   19.7050
577   19.6076
578   19.5777
579   19.2846
580   19.0382
581   18.9391
582   18.8268
583   18.6080
584   18.5083
585   18.2944
586   18.1395
587   18.1183
588   17.9379
589   17.7185
590   17.6510
591   17.4072
592   17.3044
593   17.2058
594   16.9589
595   16.8572
596   16.7816
597   16.4881
598   16.3359
599   16.2764
600   16.0941
601   15.9808
602   15.9215
603   15.8288
604   15.6924
605   15.5636
606   15.4344
607   15.3002
608   15.0643
609   14.9745
610   14.7514
611   14.7061
612   14.4747
613   14.2988
614   14.1153
615   13.9824
616   13.9037
617   13.7643
618   13.7310
619   13.5112
620   13.4717
621   13.2289
622   13.1605
623   13.0391
624   12.8933
625   12.7645
626   12.7262
627   12.6176
628   12.4565
629   12.3006
630   12.1132
631   12.0339
632   11.9223
633   11.8580
634   11.7690
635   11.5571
636   11.4530
637   11.3351
638   11.2912
639   11.1686
640   10.8938
641   10.8714
642   10.5836
643   10.4820
644   10.3789
645   10.3000
646   10.1654
647   10.1131
648   9.9916
649   9.9465
650   9.7175
651   9.6869
652   9.6306
653   9.4693
654   9.3872
655   9.3250
656   9.1300
657   8.9079
658   8.9069
659   8.8851
660   8.8497
661   8.6531
662   8.4887
663   8.4782
664   8.2139
665   8.1586
666   8.0901
667   8.0366
668   7.9539
669   7.8281
670   7.6827
671   7.5438
672   7.4224
673   7.3161
674   7.3003
675   7.2265
676   7.1339
677   7.1015
678   6.9693
679   6.7720
680   6.7361
681   6.6739
682   6.5330
683   6.5145
684   6.4053
685   6.3457
686   6.2633
687   6.1410
688   6.0645
689   5.9709
690   5.8550
691   5.7175
692   5.6657
693   5.6195
694   5.5553
695   5.4891
696   5.3889
697   5.3269
698   5.2350
699   5.1092
700   5.0751
701   5.0594
702   4.9020
703   4.8739
704   4.8379
705   4.7366
706   4.6986
707   4.6543
708   4.5974
709   4.4119
710   4.3701
711   4.3079
712   4.1761
713   4.0839
714   4.0490
715   4.0286
716   3.8709
717   3.8591
718   3.8143
719   3.7761
720   3.6832
721   3.5788
722   3.5177
723   3.4908
724   3.4325
725   3.3733
726   3.3321
727   3.2122
728   3.1947
729   3.1089
730   3.0738
731   2.9447
732   2.8932
733   2.8517
734   2.8386
735   2.7678
736   2.7186
737   2.6851
738   2.6632
739   2.6218
740   2.5462
741   2.4973
742   2.4221
743   2.3399
744   2.3026
745   2.2884
746   2.2752
747   2.2336
748   2.1521
749   2.1318
750   2.0563
751   2.0106
752   1.9979
753   1.9546
754   1.9155
755   1.8686
756   1.8536
757   1.7771
758   1.7590
759   1.7057
760   1.6827
761   1.6425
762   1.6062
763   1.5752
764   1.5240
765   1.4528
766   1.4093
767   1.3616
768   1.3241
769   1.3161
770   1.2791
771   1.2378
772   1.2096
773   1.1917
774   1.1492
775   1.1070
776   1.0600
777   1.0153
778   0.9697
779   0.9567
780   0.9403
781   0.8963
782   0.8863
783   0.8412
784   0.8349
785   0.7805
786   0.7602
787   0.7426
788   0.7183
789   0.6644
790   0.6281
791   0.6062
792   0.5830
793   0.5564
794   0.5206
795   0.5155
796   0.4485
797   0.3983
798   0.3748
799   0.3622
800   0.3069
801   0.2762
802   0.2376
803   0.2268
804   0.2023
805   0.1813
806   0.1627
807   0.1367
808   0.1082
809   0.0672
810   0.0611
811   0.0447
812   0.0242
813   0.0023
814   0.0020
815   0.0018
816   0.0017
817   0.0016
818   0.0015
819   0.0015
820   0.0013
821   0.0012
822   0.0009
823   0.0009
824   0.0006
825   0.0004
826   0.0004
827   0.0001
828   0.0001
829   0.0001
830   0.0001
831   0.0001
832   0.0001
833   0.0001
834   0.0001
835   0.0001
836   0.0000
837   0.0000
838   0.0000
839   0.0000
840   0.0000
