1     39782.882816 0.251293
5     20703.892759 0.130779
10    15060.473607 0.095131
50    6185.213475 0.039070
100   3672.668558 0.023199
150   2494.993225 0.015760
200   1787.546745 0.011291
250   1315.165371 0.008307
300   982.408353 0.006206
350   734.157969 0.004637
400   542.125178 0.003424
450   391.983559 0.002476
500   271.912546 0.001718
550   178.540157 0.001128
600   108.476443 0.000685
650   58.422222 0.000369
700   26.367710 0.000167
750   8.726019 0.000055
800   0.570731 0.000004
840   0.000000 0.000000
