1     189043.2416
2     37861.2052
3     9703.7579
4     6585.9952
5     5740.1056
6     5098.0136
7     4762.5291
8     3169.8098
9     2762.6950
10    2526.2784
11    2450.5059
12    2268.1877
13    2170.0235
14    2049.9202
15    1991.0149
16    1772.3208
17    1689.7103
18    1610.7142
19    1579.6451
20    1375.9712
21    1271.5375
22    1127.8004
23    1025.0229
24    979.6904
25    901.0845
26    873.5977
27    845.6105
28    840.1821
29    751.1656
30    701.4734
31    665.2596
32    654.9206
33    628.9160
34    607.1581
35    540.9742
36    516.3707
37    486.5793
38    475.6363
39    434.8136
40    417.8001
41    387.1182
42    376.3737
43    368.5040
44    364.9708
45    355.7035
46    339.9905
47    320.1417
48    313.4537
49    306.3856
50    294.2266
51    293.2151
52    265.6743
53    254.5661
54    242.6802
55    233.1984
56    232.7977
57    225.4793
58    218.6621
59    216.6873
60    214.9246
61    212.3655
62    202.0711
63    192.0132
64    184.5591
65    183.0711
66    177.3804
67    164.5828
68    160.6892
69    157.8661
70    154.3085
71    145.4346
72    132.7147
73    127.1680
74    120.7768
75    106.4279
76    102.0540
77    101.2730
78    90.4488
79    86.5078
80    79.1057
81    77.2884
82    76.1220
83    70.4857
84    61.6302
85    59.2390
86    54.4204
87    53.5296
88    52.7944
89    51.3077
90    47.9057
91    45.5309
92    44.0513
93    43.7712
94    42.9137
95    42.2933
96    41.6053
97    41.0045
98    40.0765
99    39.8909
100   39.1008
101   38.2479
102   37.9105
103   37.0476
104   36.8635
105   36.6389
106   36.2883
107   35.9296
108   35.5258
109   34.9619
110   34.7335
111   34.5493
112   34.3455
113   34.0919
114   33.9506
115   33.8217
116   33.5906
117   33.4654
118   33.1824
119   33.0426
120   32.9995
121   32.9766
122   32.7550
123   32.6928
124   32.6103
125   32.5721
126   32.2934
127   32.1653
128   32.0273
129   32.0142
130   31.8886
131   31.7951
132   31.7710
133   31.6529
134   31.4566
135   31.4173
136   31.3877
137   31.2520
138   31.1249
139   31.0607
140   30.9517
141   30.8562
142   30.7772
143   30.7384
144   30.6397
145   30.5360
146   30.4966
147   30.4038
148   30.3533
149   30.1481
150   30.1157
151   30.0664
152   29.9536
153   29.8234
154   29.7173
155   29.6657
156   29.6324
157   29.5655
158   29.5484
159   29.4513
160   29.3851
161   29.3501
162   29.2630
163   29.2024
164   29.1902
165   29.1416
166   29.1217
167   28.9914
168   28.9823
169   28.8701
170   28.7518
171   28.7092
172   28.6791
173   28.5788
174   28.5211
175   28.4714
176   28.4056
177   28.3663
178   28.2324
179   28.1714
180   28.1356
181   28.0995
182   28.0304
183   27.9524
184   27.9381
185   27.9120
186   27.8597
187   27.7957
188   27.7333
189   27.6287
190   27.5462
191   27.4969
192   27.4444
193   27.4391
194   27.3390
195   27.3216
196   27.2515
197   27.1950
198   27.1505
199   27.0507
200   27.0213
201   26.9015
202   26.8903
203   26.8624
204   26.8043
205   26.7506
206   26.6907
207   26.6780
208   26.6154
209   26.5599
210   26.5257
211   26.4340
212   26.4103
213   26.3585
214   26.2423
215   26.2068
216   26.1657
217   26.1447
218   26.1063
219   26.0322
220   25.9705
221   25.9293
222   25.9160
223   25.8593
224   25.7948
225   25.7376
226   25.7115
227   25.6609
228   25.6392
229   25.6166
230   25.4531
231   25.4380
232   25.3637
233   25.3075
234   25.2936
235   25.2031
236   25.1872
237   25.1051
238   25.0787
239   25.0211
240   24.9810
241   24.9506
242   24.9236
243   24.8342
244   24.8114
245   24.7925
246   24.7269
247   24.6851
248   24.5797
249   24.5421
250   24.4889
251   24.4432
252   24.4413
253   24.3860
254   24.3168
255   24.2693
256   24.2601
257   24.1990
258   24.1774
259   24.1223
260   24.0433
261   24.0268
262   23.9871
263   23.9787
264   23.9226
265   23.9044
266   23.8283
267   23.7568
268   23.7385
269   23.6659
270   23.6451
271   23.6034
272   23.5689
273   23.5591
274   23.4667
275   23.4451
276   23.4046
277   23.3475
278   23.3219
279   23.2949
280   23.2337
281   23.1912
282   23.1618
283   23.0607
284   23.0235
285   22.9683
286   22.9439
287   22.9340
288   22.9134
289   22.8644
290   22.8255
291   22.7639
292   22.7186
293   22.6628
294   22.6105
295   22.5645
296   22.5318
297   22.5086
298   22.4571
299   22.4198
300   22.4159
301   22.3858
302   22.3201
303   22.2951
304   22.2440
305   22.2204
306   22.1709
307   22.0974
308   22.0678
309   22.0167
310   21.9417
311   21.9286
312   21.8683
313   21.8460
314   21.7958
315   21.7690
316   21.7114
317   21.6966
318   21.6523
319   21.6320
320   21.5629
321   21.4913
322   21.4736
323   21.4298
324   21.3840
325   21.3164
326   21.2921
327   21.2237
328   21.2073
329   21.1892
330   21.1483
331   21.1168
332   21.0759
333   21.0500
334   21.0196
335   20.9334
336   20.9050
337   20.8472
338   20.8313
339   20.8010
340   20.7433
341   20.7325
342   20.6642
343   20.6387
344   20.6088
345   20.5493
346   20.5080
347   20.4770
348   20.4416
349   20.3917
350   20.3776
351   20.3252
352   20.2897
353   20.2639
354   20.2433
355   20.1490
356   20.1245
357   20.0734
358   20.0392
359   20.0063
360   19.9753
361   19.9222
362   19.8803
363   19.8382
364   19.7931
365   19.7780
366   19.7355
367   19.6926
368   19.6211
369   19.5992
370   19.5721
371   19.5369
372   19.5162
373   19.4945
374   19.4664
375   19.3991
376   19.3974
377   19.3408
378   19.2810
379   19.2445
380   19.2218
381   19.1809
382   19.1128
383   19.1022
384   19.0455
385   19.0336
386   18.9850
387   18.9768
388   18.9356
389   18.9056
390   18.8663
391   18.8155
392   18.7891
393   18.7507
394   18.7364
395   18.6731
396   18.6400
397   18.6162
398   18.5975
399   18.5512
400   18.5037
401   18.4814
402   18.4272
403   18.3928
404   18.3914
405   18.3340
406   18.2929
407   18.2480
408   18.2238
409   18.1780
410   18.1315
411   18.1192
412   18.0586
413   18.0353
414   17.9843
415   17.9537
416   17.9167
417   17.9152
418   17.8571
419   17.8143
420   17.7916
421   17.7765
422   17.7182
423   17.6866
424   17.6801
425   17.5841
426   17.5452
427   17.4977
428   17.4677
429   17.4249
430   17.4125
431   17.3956
432   17.3834
433   17.3050
434   17.2588
435   17.2440
436   17.2017
437   17.1482
438   17.1349
439   17.1111
440   17.0184
441   17.0105
442   16.9758
443   16.9605
444   16.9346
445   16.8863
446   16.8532
447   16.8285
448   16.8019
449   16.7884
450   16.7527
451   16.7327
452   16.6745
453   16.6363
454   16.6148
455   16.5739
456   16.5603
457   16.5080
458   16.4909
459   16.4476
460   16.3813
461   16.3744
462   16.3270
463   16.2747
464   16.2683
465   16.2342
466   16.2108
467   16.1481
468   16.1049
469   16.0542
470   16.0322
471   16.0126
472   15.9836
473   15.9781
474   15.9169
475   15.8953
476   15.8258
477   15.7990
478   15.7629
479   15.7440
480   15.7171
481   15.7084
482   15.6565
483   15.6271
484   15.5949
485   15.5807
486   15.5552
487   15.4877
488   15.4519
489   15.4342
490   15.3943
491   15.3625
492   15.3387
493   15.2723
494   15.2639
495   15.2369
496   15.2058
497   15.1766
498   15.1424
499   15.0858
500   15.0747
501   15.0509
502   15.0041
503   14.9852
504   14.9679
505   14.9097
506   14.8656
507   14.8611
508   14.8116
509   14.7850
510   14.7687
511   14.7241
512   14.6922
513   14.6546
514   14.6122
515   14.5579
516   14.5370
517   14.5299
518   14.4686
519   14.4319
520   14.3868
521   14.3632
522   14.3556
523   14.3305
524   14.2871
525   14.2412
526   14.2139
527   14.1778
528   14.1671
529   14.1155
530   14.0804
531   14.0204
532   14.0187
533   13.9753
534   13.9394
535   13.9207
536   13.9131
537   13.8500
538   13.8421
539   13.7977
540   13.7886
541   13.7568
542   13.7340
543   13.6796
544   13.6611
545   13.6219
546   13.5902
547   13.5783
548   13.5458
549   13.5062
550   13.4599
551   13.4168
552   13.4001
553   13.3794
554   13.3410
555   13.3187
556   13.2840
557   13.2524
558   13.2321
559   13.2058
560   13.1827
561   13.1607
562   13.0892
563   13.0520
564   13.0081
565   12.9870
566   12.9517
567   12.9362
568   12.8978
569   12.8760
570   12.8373
571   12.8286
572   12.7875
573   12.7607
574   12.7301
575   12.7084
576   12.6752
577   12.6562
578   12.6204
579   12.5865
580   12.5713
581   12.5167
582   12.4533
583   12.4237
584   12.4172
585   12.3963
586   12.3651
587   12.3418
588   12.3044
589   12.2819
590   12.2181
591   12.2018
592   12.1790
593   12.1268
594   12.0850
595   12.0753
596   12.0609
597   12.0053
598   11.9953
599   11.9391
600   11.8985
601   11.8892
602   11.8326
603   11.8220
604   11.8089
605   11.7612
606   11.7404
607   11.6982
608   11.6779
609   11.6397
610   11.6351
611   11.5911
612   11.5417
613   11.5308
614   11.5140
615   11.4844
616   11.4661
617   11.4539
618   11.3655
619   11.3558
620   11.3210
621   11.2544
622   11.2377
623   11.2266
624   11.1674
625   11.1528
626   11.1349
627   11.0728
628   11.0594
629   11.0389
630   11.0018
631   10.9439
632   10.9220
633   10.9051
634   10.8835
635   10.8160
636   10.7990
637   10.7881
638   10.7629
639   10.7337
640   10.7147
641   10.6723
642   10.6312
643   10.5976
644   10.5462
645   10.5316
646   10.4944
647   10.4778
648   10.4680
649   10.4365
650   10.3890
651   10.3771
652   10.3474
653   10.3029
654   10.2784
655   10.2279
656   10.2017
657   10.1885
658   10.1682
659   10.1533
660   10.0977
661   10.0825
662   10.0395
663   10.0082
664   9.9718
665   9.9450
666   9.9110
667   9.8866
668   9.8562
669   9.8329
670   9.7898
671   9.7689
672   9.7542
673   9.7367
674   9.6856
675   9.6634
676   9.6517
677   9.5834
678   9.5682
679   9.5281
680   9.4900
681   9.4681
682   9.4272
683   9.4053
684   9.3941
685   9.3304
686   9.2734
687   9.2300
688   9.2202
689   9.2062
690   9.1620
691   9.1410
692   9.1171
693   9.0994
694   9.0739
695   9.0338
696   8.9929
697   8.9495
698   8.9260
699   8.8791
700   8.8700
701   8.8625
702   8.8318
703   8.8054
704   8.7698
705   8.7562
706   8.7238
707   8.6988
708   8.6551
709   8.6324
710   8.6092
711   8.5817
712   8.5394
713   8.5311
714   8.5001
715   8.4710
716   8.4304
717   8.4243
718   8.3878
719   8.3770
720   8.3447
721   8.3363
722   8.2869
723   8.2584
724   8.2501
725   8.1834
726   8.1683
727   8.1527
728   8.1508
729   8.0686
730   8.0602
731   8.0361
732   8.0030
733   7.9777
734   7.9605
735   7.8918
736   7.8719
737   7.8405
738   7.7952
739   7.7878
740   7.7602
741   7.7384
742   7.7342
743   7.6961
744   7.6699
745   7.6429
746   7.6326
747   7.5781
748   7.5492
749   7.5307
750   7.5208
751   7.4857
752   7.4542
753   7.4482
754   7.4209
755   7.3664
756   7.3412
757   7.3036
758   7.2909
759   7.2078
760   7.1646
761   7.1589
762   7.1403
763   7.1280
764   7.1026
765   7.0670
766   7.0218
767   7.0024
768   6.9740
769   6.9592
770   6.9320
771   6.9130
772   6.8521
773   6.8204
774   6.8077
775   6.7964
776   6.7564
777   6.7382
778   6.7119
779   6.6646
780   6.6422
781   6.6041
782   6.5967
783   6.5678
784   6.5313
785   6.5026
786   6.5007
787   6.4871
788   6.4425
789   6.4030
790   6.3974
791   6.3356
792   6.3249
793   6.2870
794   6.2605
795   6.2112
796   6.1958
797   6.1643
798   6.1493
799   6.1273
800   6.0918
801   6.0525
802   6.0467
803   6.0145
804   5.9736
805   5.9530
806   5.9404
807   5.8648
808   5.8362
809   5.8170
810   5.7768
811   5.7556
812   5.7097
813   5.7050
814   5.6727
815   5.6582
816   5.6238
817   5.6186
818   5.5787
819   5.5040
820   5.4969
821   5.4782
822   5.4519
823   5.4305
824   5.3793
825   5.3494
826   5.3309
827   5.3125
828   5.2990
829   5.2554
830   5.2506
831   5.1997
832   5.1902
833   5.1572
834   5.1289
835   5.0962
836   5.0543
837   5.0360
838   4.9934
839   4.9862
840   4.9666
841   4.9542
842   4.9029
843   4.8823
844   4.8602
845   4.8353
846   4.8049
847   4.7868
848   4.7857
849   4.7322
850   4.7141
851   4.6374
852   4.6235
853   4.5866
854   4.5409
855   4.5096
856   4.5040
857   4.4745
858   4.4342
859   4.4234
860   4.3790
861   4.3673
862   4.3320
863   4.2896
864   4.2726
865   4.2454
866   4.2274
867   4.2053
868   4.1901
869   4.1524
870   4.1200
871   4.0950
872   4.0763
873   4.0445
874   4.0176
875   4.0076
876   3.9836
877   3.9468
878   3.9197
879   3.8857
880   3.8645
881   3.8444
882   3.7815
883   3.7680
884   3.7637
885   3.7072
886   3.6736
887   3.6392
888   3.6286
889   3.5897
890   3.5812
891   3.5648
892   3.5482
893   3.5104
894   3.5075
895   3.4616
896   3.4350
897   3.4229
898   3.4070
899   3.3915
900   3.3631
901   3.3156
902   3.2721
903   3.2149
904   3.1952
905   3.1901
906   3.1747
907   3.0987
908   3.0908
909   3.0802
910   3.0366
911   3.0216
912   2.9957
913   2.9648
914   2.9452
915   2.9233
916   2.9042
917   2.8936
918   2.8524
919   2.8121
920   2.7893
921   2.7757
922   2.7503
923   2.7375
924   2.6670
925   2.6462
926   2.6406
927   2.6002
928   2.5611
929   2.5536
930   2.4906
931   2.4850
932   2.4648
933   2.4223
934   2.4152
935   2.3978
936   2.3499
937   2.3098
938   2.2855
939   2.2579
940   2.2216
941   2.1980
942   2.1601
943   2.1352
944   2.1218
945   2.0953
946   2.0778
947   2.0626
948   2.0164
949   1.9942
950   1.9693
951   1.9345
952   1.9047
953   1.8677
954   1.8539
955   1.8266
956   1.8077
957   1.7945
958   1.7581
959   1.7346
960   1.7267
961   1.7157
962   1.6815
963   1.6638
964   1.6264
965   1.6050
966   1.5371
967   1.5212
968   1.4802
969   1.4689
970   1.4465
971   1.4268
972   1.3787
973   1.3649
974   1.3371
975   1.3262
976   1.2695
977   1.2513
978   1.2220
979   1.1838
980   1.1648
981   1.1529
982   1.1302
983   1.0813
984   1.0522
985   1.0351
986   1.0226
987   1.0069
988   0.9586
989   0.9471
990   0.9174
991   0.8927
992   0.8493
993   0.8279
994   0.7863
995   0.7800
996   0.7447
997   0.7304
998   0.7037
999   0.6770
1000  0.6529
1001  0.6382
1002  0.5932
1003  0.5507
1004  0.5280
1005  0.5220
1006  0.4888
1007  0.4689
1008  0.4456
1009  0.3927
1010  0.3575
1011  0.3475
1012  0.3342
1013  0.3246
1014  0.2792
1015  0.2327
1016  0.2287
1017  0.2186
1018  0.1793
1019  0.1248
1020  0.1181
1021  0.1101
1022  0.0955
1023  0.0394
1024  0.0141
