1     41571.602531 0.214774
5     11146.309445 0.057586
10    7176.804841 0.037078
50    1159.888175 0.005992
100   512.345679 0.002647
150   456.295438 0.002357
200   409.463145 0.002115
250   366.822944 0.001895
300   327.292094 0.001691
350   290.394556 0.001500
400   255.950829 0.001322
450   223.680188 0.001156
500   193.428152 0.000999
550   165.108456 0.000853
600   138.604556 0.000716
650   114.002610 0.000589
700   91.399091 0.000472
750   70.703883 0.000365
800   51.907156 0.000268
850   35.323655 0.000182
900   21.187044 0.000109
950   9.727900 0.000050
1000  1.791047 0.000009
1024  0.000000 0.000000
